0.427 0.254
0.736 0.318
0.437 0.265
0.645 0.102
0.107 0.799
0.57 0.204
0.727 0.574
0.719 0.174
0.972 0.175
0.588 0.277
0.193 0.775
0.953 0.149
0.921 0.697
0.535 0.823
0.498 0.836
0.191 0.695
0.7 0.709
0.892 0.072
0.976 0.382
0.886 0.548
0.687 0.076
0.454 0.407
0.309 0.465
0.983 0.251
0.391 0.243
0.535 0.477
0.707 0.74
0.176 0.525
0.957 0.692
0.47 0.379
0.028 0.533
0.984 0.919
0.376 0.454
0.584 0.291
0.732 0.729
0.174 0.84
0.589 0.219
0.296 0.713
0.916 0.705
0.298 0.922
0.732 0.508
0.065 0.813
0.662 0.928
0.773 0.025
0.156 0.284
0.469 0.442
0.728 0.599
0.912 0.998
0.068 0.306
0.957 0.343
0.72 0.648
0.404 0.331
0.993 0.877
0.75 0.344
0.854 0.349
0.735 0.955
0.659 0.161
0.525 0.545
0.31 0.029
0.699 0.493
0.59 0.39
0.435 0.701
0.037 0.017
0.741 0.56
0.228 0.096
0.97 0.795
0.428 0.125
0.066 0.146
0.651 0.235
0.493 0.191
0.37 0.572
0.486 0.628
0.144 0.671
0.755 0.808
0.376 0.059
0.036 0.863
0.693 0.941
0.083 0.98
0.278 0.622
0.361 0.589
0.146 0.134
0.136 0.405
0.286 0.262
0.836 0.767
0.892 0.969
0.487 0.075
0.187 0.396
0.197 0.104
0.533 0.722
0.352 0.195
0.788 0.413
0.524 0.368
0.214 0.082
0.36 0.096
0.04 0.89
0.582 0.368
0.688 0.009
0.671 0.339
0.99 0.744
0.514 0.915
